2939.29 60.5105
2940.29 59.9042
2941.29 59.3925
2942.29 59.3079
2943.29 59.3079
2944.29 59.4348
2945.29 59.3501
2946.29 59.4348
2947.29 59.3501
2948.29 59.0552
2949.29 59.4348
2950.29 59.0552
2951.29 58.8877
2952.29 59.0133
2953.29 58.9296
2954.29 58.8042
2955.29 59.0972
2956.29 58.7626
2957.29 58.5136
2958.29 58.6379
2959.3 58.6794
2960.29 58.2252
2961.3 58.3485
2962.3 58.1842
2963.3 58.0206
2964.3 57.8578
2965.3 57.7767
2966.3 57.7361
2967.3 57.5745
2968.3 57.8171
2969.3 57.3734
2970.3 57.0143
2971.3 57.054
2972.3 56.9348
2973.3 56.6191
2974.31 56.6191
2975.31 56.6191
2976.31 56.5013
2977.31 56.3058
2978.31 56.267
2979.31 56.0726
2980.31 55.764
2981.31 55.6871
2982.31 55.6105
2983.31 55.5723
2984.31 55.2296
2985.31 55.4196
2986.31 55.3055
2987.31 55.4958
2988.31 54.9276
2989.31 54.9652
2990.31 54.9652
2991.31 54.6279
2992.31 54.8149
2993.31 54.479
2994.31 54.5161
2995.31 54.3306
2996.32 54.2196
2997.32 54.1827
2998.32 54.0721
2999.32 53.7789
3000.32 53.5243
3001.32 53.6697
3002.32 53.5605
3003.32 53.6332
3004.32 53.5605
3005.32 53.3794
3006.32 53.1632
3007.32 53.0197
3008.32 53.0555
3009.32 52.6986
3010.32 52.7698
3011.32 52.3801
3012.32 52.345
3013.32 52.345
3014.32 52.2395
3015.32 52.0293
3016.32 51.8898
3017.32 51.6814
3018.32 51.6469
3019.32 51.3364
3020.32 51.5085
3021.32 51.1652
3022.32 51.131
3023.32 50.9945
3024.32 50.9605
3025.32 50.9605
3026.32 50.5879
3027.33 50.6892
3028.33 50.3525
3029.33 50.3525
3030.33 50.0518
3031.33 49.7533
3032.33 49.7864
3033.33 49.6873
3034.33 49.5227
3035.33 49.3586
3036.33 49.0975
3037.33 49.0
3038.33 48.8058
3039.33 48.6766
3040.33 48.5159
3041.33 48.5801
3042.33 48.4197
3043.33 48.1643
3044.33 48.1324
3045.33 47.9738
3046.33 47.9103
3047.33 47.7524
3048.33 47.658
3049.33 47.6895
3050.33 47.2509
3051.33 47.3132
3052.33 47.2196
3053.33 47.0022
3054.33 46.8166
3055.33 46.8166
3056.33 46.6317
3057.34 46.6932
3058.34 46.4476
3059.34 46.4476
3060.34 46.2644
3061.34 46.2644
3062.34 45.9303
3063.34 45.991
3064.34 45.8699
3065.34 45.8095
3066.34 45.7793
3067.34 45.5686
3068.34 45.4487
3069.34 45.3889
3070.34 45.2993
3071.34 45.2098
3072.34 45.0314
3073.34 44.7948
3074.34 44.7357
3075.34 44.6179
3076.34 44.6769
3077.34 44.3833
3078.34 44.4711
3079.34 44.2957
3080.35 44.2373
3081.35 44.1207
3082.35 43.8016
3083.35 43.8016
3084.35 43.8016
3085.35 43.6574
3086.35 43.5136
3087.35 43.4275
3088.35 43.3414
3089.35 43.1415
3090.35 43.1415
3091.35 42.8857
3092.35 42.7723
3093.35 42.7158
3094.35 42.6876
3095.36 42.5465
3096.36 42.4622
3097.36 42.1538
3098.36 42.2097
3099.36 41.9309
3100.36 41.9587
3101.36 41.7643
3102.36 41.7089
3103.36 41.7643
3104.36 41.6534
3105.36 41.3226
3106.36 41.3226
3107.36 41.158
3108.36 41.0759
3109.36 41.2402
3110.36 40.9939
3111.37 40.8848
3112.37 40.8303
3113.37 40.6943
3114.37 40.6943
3115.37 40.5859
3116.37 40.5048
3117.37 40.4506
3118.37 40.3696
3119.37 40.3157
3120.37 40.181
3121.37 40.1005
3122.37 39.9396
3123.37 39.8594
3124.37 39.7527
3125.37 39.6727
3126.37 39.6727
3127.37 39.6194
3128.37 39.5131
3129.37 39.3275
3130.37 39.354
3131.38 39.1163
3132.38 39.1689
3133.37 39.1426
3134.38 38.8533
3135.38 38.9584
3136.38 38.8795
3137.38 38.7223
3138.38 38.6699
3139.38 38.4872
3140.38 38.3571
3141.38 38.3831
3142.38 38.2532
3143.38 38.1235
3144.38 38.0977
3145.38 37.9425
3146.38 37.9425
3147.38 37.7363
3148.38 37.6078
3149.38 37.6335
3150.38 37.6335
3151.38 37.5823
3152.38 37.4028
3153.38 37.2496
3154.39 37.1731
3155.39 37.0205
3156.39 36.995
3157.39 36.9442
3158.39 36.8428
3159.39 36.691
3160.39 36.691
3161.39 36.6658
3162.39 36.6152
3163.39 36.4388
3164.39 36.288
3165.39 36.2128
3166.39 36.3131
3167.39 36.0624
3168.39 35.9874
3169.39 35.9874
3170.39 35.8876
3171.39 35.8127
3172.39 35.7133
3173.4 35.6635
3174.4 35.6138
3175.4 35.589
3176.4 35.3412
3177.4 35.2917
3178.4 35.2917
3179.4 35.193
3180.4 35.1437
3181.4 35.0944
3182.4 35.045
3183.4 34.9957
3184.4 34.922
3185.4 35.0205
3186.4 34.8729
3187.4 34.7013
3188.4 34.6034
3189.4 34.6523
3190.4 34.7013
3191.4 34.5546
3192.4 34.5302
3193.4 34.4325
3194.4 34.3105
3195.4 34.2863
3196.4 34.189
3197.4 34.1404
3198.4 34.2375
3199.4 34.0676
3200.4 33.9948
3201.4 33.9463
3202.41 33.8011
3203.41 33.8496
3204.41 33.8496
3205.4 33.6322
3206.41 33.7046
3207.41 33.584
3208.41 33.5117
3209.41 33.3915
3210.41 33.2954
3211.41 33.2474
3212.41 33.1516
3213.41 33.1516
3214.41 33.1277
3215.41 33.0559
3216.41 33.0081
3217.41 32.9843
3218.41 32.9125
3219.41 32.9603
3220.41 32.7933
3221.41 32.8649
3222.41 32.6743
3223.42 32.6029
3224.42 32.5079
3225.42 32.4604
3226.42 32.4841
3227.42 32.3894
3228.42 32.3894
3229.42 32.2236
3230.42 32.1763
3231.42 32.1055
3232.42 32.1292
3233.42 32.011
3234.42 31.8696
3235.42 31.8932
3236.42 31.7755
3237.42 31.7285
3238.42 31.8696
3239.42 31.7991
3240.42 31.6816
3241.42 31.7051
3242.42 31.6346
3243.42 31.6581
3244.43 31.6816
3245.43 31.5642
3246.43 31.4706
3247.43 31.3535
3248.43 31.3535
3249.43 31.3066
3250.43 31.26
3251.43 31.2833
3252.43 31.3066
3253.43 31.2133
3254.43 31.1433
3255.43 31.1899
3256.43 31.1899
3257.43 31.0034
3258.43 31.0267
3259.43 30.9802
3260.44 31.0267
3261.44 30.9569
3262.44 30.7942
3263.44 30.7477
3264.44 30.7942
3265.44 30.7013
3266.44 30.6085
3267.44 30.5621
3268.44 30.7013
3269.44 30.6085
3270.44 30.5391
3271.44 30.6316
3272.44 30.5159
3273.44 30.4695
3274.44 30.4232
3275.44 30.3308
3276.44 30.3771
3277.44 30.1923
3278.44 30.1462
3279.45 30.2616
3280.45 30.2153
3281.45 30.1923
3282.45 30.0541
3283.45 30.0541
3284.45 30.0771
3285.45 30.0081
3286.45 29.985
3287.45 29.9159
3288.45 29.9619
3289.45 29.87
3290.45 29.8929
3291.45 29.824
3292.45 29.7092
3293.45 29.6864
3294.45 29.7322
3295.45 29.7092
3296.45 29.5717
3297.45 29.5717
3298.45 29.5488
3299.45 29.4801
3300.45 29.4801
3301.46 29.4345
3302.46 29.4345
3303.46 29.2288
3304.46 29.2972
3305.46 29.343
3306.46 29.2516
3307.46 29.2516
3308.46 29.2059
3309.46 29.2516
3310.46 29.0464
3311.46 29.1147
3312.46 29.0919
3313.46 29.1147
3314.46 28.978
3315.46 28.9098
3316.46 28.9325
3317.46 28.9098
3318.46 28.978
3319.46 28.9325
3320.46 28.9098
3321.47 28.8871
3322.46 28.8871
3323.46 28.728
3324.47 28.6826
3325.47 28.7052
3326.47 28.7961
3327.47 28.7052
3328.47 28.6826
3329.47 28.5918
3330.47 28.6146
3331.47 28.5692
3332.47 28.5238
3333.47 28.5012
3334.47 28.4559
3335.47 28.5238
3336.47 28.3881
3337.47 28.3654
3338.47 28.3654
3339.47 28.2976
3340.47 28.2523
3341.47 28.1394
3342.47 28.1846
3343.48 28.2072
3344.48 28.162
3345.48 28.0492
3346.48 28.0718
3347.48 28.1394
3348.48 28.004
3349.48 28.162
3350.48 28.0492
3351.48 28.004
3352.48 27.9816
3353.48 27.9139
3354.48 27.8689
3355.48 27.9365
3356.48 27.8915
3357.48 27.824
3358.48 27.8014
3359.48 27.7789
3360.48 27.734
3361.48 27.7789
3362.48 27.689
3363.48 27.5991
3364.48 27.689
3365.48 27.5767
3366.48 27.6665
3367.48 27.4645
3368.49 27.5317
3369.49 27.5094
3370.49 27.3972
3371.49 27.3972
3372.49 27.33
3373.49 27.33
3374.49 27.442
3375.49 27.2852
3376.49 27.3075
3377.49 27.3075
3378.49 27.218
3379.49 27.2404
3380.49 27.1732
3381.49 27.1509
3382.49 27.1061
3383.49 27.0614
3384.5 27.0614
3385.49 26.8828
3386.5 27.0167
3387.5 26.9497
3388.5 26.9497
3389.5 26.8828
3390.5 26.905
3391.5 26.8605
3392.5 26.8381
3393.5 26.7712
3394.5 26.8381
3395.5 26.905
3396.5 26.7712
3397.5 26.682
3398.5 26.7489
3399.5 26.6152
3400.5 26.7489
3401.5 26.6152
3402.5 26.6599
3403.5 26.6152
3404.5 26.5485
3405.5 26.5485
3406.5 26.6599
3407.51 26.593
3408.51 26.5262
3409.51 26.5485
3410.51 26.5485
3411.51 26.5707
3412.51 26.4595
3413.51 26.504
3414.51 26.3928
3415.51 26.4595
3416.51 26.504
3417.51 26.3928
3418.51 26.3928
3419.51 26.4373
3420.51 26.3484
3421.51 26.2595
3422.51 26.2595
3423.51 26.3484
3424.51 26.3706
3425.51 26.304
3426.51 26.3262
3427.51 26.2595
3428.52 26.2374
3429.52 26.1708
3430.52 26.2374
3431.52 26.2374
3432.52 26.1708
3433.52 26.082
3434.52 26.1263
3435.52 26.1486
3436.52 26.1708
3437.52 26.1042
3438.52 26.1708
3439.52 26.0377
3440.52 26.1042
3441.52 26.193
3442.52 26.0156
3443.52 26.1263
3444.52 26.1042
3445.52 25.9934
3446.52 26.0598
3447.52 25.9934
3448.52 25.9712
3449.52 25.9712
3450.53 26.0156
3451.53 25.9491
3452.53 25.9934
3453.53 25.8827
3454.53 25.8827
3455.53 25.9048
3456.53 25.9048
3457.53 25.9491
3458.53 25.8163
3459.53 25.8163
3460.53 25.9269
3461.53 25.8384
3462.53 25.8163
3463.53 25.7721
3464.53 25.7942
3465.53 25.8827
3466.53 25.8384
3467.53 25.8384
3468.53 25.7278
3469.53 25.8384
3470.53 25.8384
3471.53 25.7721
3472.53 25.7942
3473.54 25.7942
3474.54 25.7942
3475.54 25.7721
3476.54 25.7499
3477.54 25.6394
3478.54 25.7057
3479.54 25.6835
3480.54 25.6394
3481.54 25.6835
3482.54 25.6835
3483.54 25.6835
3484.54 25.6394
3485.54 25.6394
3486.54 25.551
3487.54 25.5951
3488.54 25.7057
3489.54 25.5289
3490.54 25.551
3491.54 25.551
3492.54 25.6173
3493.54 25.5731
3494.55 25.551
3495.55 25.4847
3496.55 25.4847
3497.55 25.551
3498.55 25.4847
3499.55 25.4626
3500.55 25.4847
3501.55 25.4847
3502.55 25.4626
3503.55 25.5068
3504.55 25.5289
3505.55 25.4407
3506.55 25.4186
3507.55 25.3965
3508.55 25.4407
3509.55 25.3303
3510.55 25.3524
3511.55 25.4186
3512.55 25.3524
3513.56 25.3303
3514.56 25.3745
3515.56 25.3303
3516.56 25.3303
3517.56 25.3083
3518.56 25.3083
3519.56 25.3083
3520.56 25.2863
3521.56 25.3303
3522.56 25.2863
3523.56 25.2863
3524.56 25.1981
3525.56 25.2202
3526.56 25.2202
3527.56 25.2202
3528.56 25.1981
3529.56 25.11
3530.56 25.2202
3531.56 25.088
3532.56 25.2422
3533.57 25.11
3534.57 25.2202
3535.57 25.11
3536.57 25.11
3537.57 25.066
3538.57 25.066
3539.57 25.066
3540.57 24.978
3541.57 25.1321
3542.57 25.066
3543.57 25.022
3544.57 24.9121
3545.57 25.022
3546.57 24.978
3547.57 25.0
3548.57 25.0
3549.57 25.0
3550.57 24.934
3551.58 25.022
3552.58 24.89
3553.58 24.978
3554.58 24.9121
3555.58 24.89
3556.58 24.7582
3557.58 24.978
3558.58 24.8241
3559.58 24.7582
3560.58 24.868
3561.58 24.8461
3562.58 24.868
3563.58 24.868
3564.58 24.7582
3565.58 24.7802
3566.58 24.8021
3567.58 24.7802
3568.58 24.8021
3569.58 24.8021
3570.58 24.7142
3571.58 24.7802
3572.58 24.6923
3573.58 24.6923
3574.58 24.6923
3575.58 24.7582
3576.59 24.6703
3577.59 24.6923
3578.59 24.6703
3579.59 24.6265
3580.59 24.6703
3581.59 24.6484
3582.59 24.6923
3583.59 24.6265
3584.59 24.5387
3585.59 24.6045
3586.59 24.5607
3587.59 24.6923
3588.59 24.5826
3589.59 24.5826
3590.59 24.6484
3591.59 24.6045
3592.59 24.4949
3593.59 24.6045
3594.59 24.5387
3595.59 24.4949
3596.59 24.6484
3597.59 24.5607
3598.6 24.5387
3599.6 24.4949
3600.6 24.4729
3601.6 24.6045
3602.6 24.4729
3603.6 24.4729
3604.6 24.5167
3605.6 24.5387
3606.6 24.5167
3607.6 24.5387
3608.6 24.5607
3609.6 24.4729
3610.6 24.5167
3611.6 24.4511
3612.6 24.5167
3613.6 24.4729
3614.6 24.4729
3615.6 24.4291
3616.6 24.5607
3617.6 24.5167
3618.6 24.4291
3619.6 24.3853
3620.6 24.4729
3621.6 24.4511
3622.6 24.3853
3623.6 24.5167
3624.61 24.4291
3625.61 24.4729